Level / 沸くペース / 一度に沸く数 / Enemys parsents
                     カエル ウリ坊  亀　　　狼  ダチョウ　猪　カンガルー　  　　熊　ゴリラ　
param 0    7    5       100     0    0       0         0   0           0         0       0
param 1    7    5        75    25    0       0         0   0           0         0       0
param 2    7    5        50    20   20      10         0   0           0         0       0
param 3    7    5        15    25   30      30         0   0           0         0       0
param 4    7    5        15    15   20      50         0   0           0         0       0
param 5    7    5         0    50   20      20        10   0           0         0       0
param 6    7    5         0    15   25      30        30   0           0         0       0
param 7    6    5         0    15   15      20        50   0           0         0       0
param 8    6    6         0     0   50      20        20   9           0         0       1
param 9    6    6         0     0   15      25        30  29           0         0       1
param 10   6    6         0     0   15      15        20  49           0         0       1
param 11   6    6         0     0    0      50        20  20           9         0       1
param 12   6    6         0     0    0      15        25  30          29         0       1
param 13   6    6         0     0    0      50        15  19          15         0       1
param 14   6    6         0     0    0       0        50  20          20         8       2
param 15   5    7         0     0    0       0        45  33          10        10       2
param 16   5    7         0     0    0       0        35  35          17        10       3
param 17   5    7         0     0    0       0        10  40          24        23       3
param 18   5    7         0     0    0       0        10  20          35        30       5
param 19   5    7         0     0    0       0        10  15          25        40      10
